1 -16.550000 -12.909000 0.000000
2 -12.909000 -9.268000 0.000000
3 -9.268000 -5.627000 0.000000
4 -5.627000 -1.986000 0.000000
5 -1.986000 1.655000 2.000000
6 1.655000 5.296000 2.000000
7 5.296000 8.937000 45.000000
8 8.937000 12.578000 76.000000
9 12.578000 16.219000 66.000000
10 16.219000 19.860000 53.000000
11 19.860000 23.501000 80.000000
12 23.501000 27.142000 75.000000
13 27.142000 30.783000 51.000000
14 30.783000 34.424000 71.000000
15 34.424000 38.065000 58.000000
16 38.065000 41.706000 40.000000
17 41.706000 45.347000 58.000000
18 45.347000 48.988000 39.000000
19 48.988000 52.629000 50.000000
20 52.629000 56.270000 43.000000
21 56.270000 59.911000 39.000000
22 59.911000 63.552000 54.000000
23 63.552000 67.193000 50.000000
24 67.193000 70.834000 21.000000
25 70.834000 74.475000 43.000000
26 74.475000 78.116000 32.000000
27 78.116000 81.757000 26.000000
28 81.757000 85.398000 31.000000
29 85.398000 89.039000 37.000000
30 89.039000 92.680000 18.000000
31 92.680000 96.321000 19.000000
32 96.321000 99.962000 18.000000
33 99.962000 103.603000 25.000000
34 103.603000 107.244000 27.000000
35 107.244000 110.885000 12.000000
36 110.885000 114.526000 21.000000
37 114.526000 118.167000 19.000000
38 118.167000 121.808000 20.000000
39 121.808000 125.449000 25.000000
40 125.449000 129.090000 18.000000
41 129.090000 132.731000 9.000000
42 132.731000 136.372000 13.000000
43 136.372000 140.013000 8.000000
44 140.013000 143.654000 5.000000
45 143.654000 147.295000 6.000000
46 147.295000 150.936000 10.000000
47 150.936000 154.577000 11.000000
48 154.577000 158.218000 8.000000
49 158.218000 161.859000 3.000000
50 161.859000 165.500000 6.000000
51 165.500000 169.141000 5.000000
52 169.141000 172.782000 3.000000
53 172.782000 176.423000 5.000000
54 176.423000 180.064000 5.000000
55 180.064000 183.705000 4.000000
56 183.705000 187.346000 3.000000
57 187.346000 190.987000 6.000000
58 190.987000 194.628000 2.000000
59 194.628000 198.269000 7.000000
60 198.269000 201.910000 3.000000
61 201.910000 205.551000 2.000000
62 205.551000 209.192000 4.000000
63 209.192000 212.833000 2.000000
64 212.833000 216.474000 2.000000
65 216.474000 220.115000 6.000000
66 220.115000 223.756000 5.000000
67 223.756000 227.397000 0.000000
68 227.397000 231.038000 4.000000
69 231.038000 234.679000 2.000000
70 234.679000 238.320000 2.000000
71 238.320000 241.961000 1.000000
72 241.961000 245.602000 7.000000
73 245.602000 249.243000 2.000000
74 249.243000 252.884000 3.000000
75 252.884000 256.525000 1.000000
76 256.525000 260.166000 3.000000
77 260.166000 263.807000 0.000000
78 263.807000 267.448000 4.000000
79 267.448000 271.089000 1.000000
80 271.089000 274.730000 1.000000
81 274.730000 278.371000 0.000000
82 278.371000 282.012000 1.000000
83 282.012000 285.653000 1.000000
84 285.653000 289.294000 1.000000
85 289.294000 292.935000 2.000000
86 292.935000 296.576000 2.000000
87 296.576000 300.217000 1.000000
88 300.217000 303.858000 1.000000
89 303.858000 307.499000 0.000000
90 307.499000 311.140000 0.000000
91 311.140000 314.781000 0.000000
92 314.781000 318.422000 1.000000
93 318.422000 322.063000 0.000000
94 322.063000 325.704000 0.000000
95 325.704000 329.345000 1.000000
96 329.345000 332.986000 1.000000
97 332.986000 336.627000 0.000000
98 336.627000 340.268000 0.000000
99 340.268000 343.909000 0.000000
100 343.909000 347.550000 0.000000
