1 -16.325000 -15.813500 0.000000
2 -15.813500 -15.302000 0.000000
3 -15.302000 -14.790500 0.000000
4 -14.790500 -14.279000 0.000000
5 -14.279000 -13.767500 1.000000
6 -13.767500 -13.256000 0.000000
7 -13.256000 -12.744500 0.000000
8 -12.744500 -12.233000 0.000000
9 -12.233000 -11.721500 0.000000
10 -11.721500 -11.210000 0.000000
11 -11.210000 -10.698500 1.000000
12 -10.698500 -10.187000 0.000000
13 -10.187000 -9.675500 0.000000
14 -9.675500 -9.164000 0.000000
15 -9.164000 -8.652500 1.000000
16 -8.652500 -8.141000 0.000000
17 -8.141000 -7.629500 1.000000
18 -7.629500 -7.118000 2.000000
19 -7.118000 -6.606500 1.000000
20 -6.606500 -6.095000 4.000000
21 -6.095000 -5.583500 3.000000
22 -5.583500 -5.072000 3.000000
23 -5.072000 -4.560500 6.000000
24 -4.560500 -4.049000 14.000000
25 -4.049000 -3.537500 16.000000
26 -3.537500 -3.026000 10.000000
27 -3.026000 -2.514500 12.000000
28 -2.514500 -2.003000 17.000000
29 -2.003000 -1.491500 64.000000
30 -1.491500 -0.980000 30.000000
31 -0.980000 -0.468500 37.000000
32 -0.468500 0.043000 34.000000
33 0.043000 0.554500 39.000000
34 0.554500 1.066000 41.000000
35 1.066000 1.577500 30.000000
36 1.577500 2.089000 31.000000
37 2.089000 2.600500 16.000000
38 2.600500 3.112000 29.000000
39 3.112000 3.623500 19.000000
40 3.623500 4.135000 22.000000
41 4.135000 4.646500 17.000000
42 4.646500 5.158000 14.000000
43 5.158000 5.669500 20.000000
44 5.669500 6.181000 14.000000
45 6.181000 6.692500 16.000000
46 6.692500 7.204000 14.000000
47 7.204000 7.715500 10.000000
48 7.715500 8.227000 8.000000
49 8.227000 8.738500 12.000000
50 8.738500 9.250000 16.000000
51 9.250000 9.761500 9.000000
52 9.761500 10.273000 20.000000
53 10.273000 10.784500 18.000000
54 10.784500 11.296000 16.000000
55 11.296000 11.807500 9.000000
56 11.807500 12.319000 18.000000
57 12.319000 12.830500 12.000000
58 12.830500 13.342000 14.000000
59 13.342000 13.853500 20.000000
60 13.853500 14.365000 19.000000
61 14.365000 14.876500 19.000000
62 14.876500 15.388000 16.000000
63 15.388000 15.899500 16.000000
64 15.899500 16.411000 20.000000
65 16.411000 16.922500 13.000000
66 16.922500 17.434000 15.000000
67 17.434000 17.945500 24.000000
68 17.945500 18.457000 14.000000
69 18.457000 18.968500 21.000000
70 18.968500 19.480000 13.000000
71 19.480000 19.991500 20.000000
72 19.991500 20.503000 34.000000
73 20.503000 21.014500 16.000000
74 21.014500 21.526000 21.000000
75 21.526000 22.037500 20.000000
76 22.037500 22.549000 34.000000
77 22.549000 23.060500 32.000000
78 23.060500 23.572000 33.000000
79 23.572000 24.083500 25.000000
80 24.083500 24.595000 30.000000
81 24.595000 25.106500 29.000000
82 25.106500 25.618000 33.000000
83 25.618000 26.129500 39.000000
84 26.129500 26.641000 34.000000
85 26.641000 27.152500 33.000000
86 27.152500 27.664000 38.000000
87 27.664000 28.175500 30.000000
88 28.175500 28.687000 28.000000
89 28.687000 29.198500 23.000000
90 29.198500 29.710000 18.000000
91 29.710000 30.221500 11.000000
92 30.221500 30.733000 8.000000
93 30.733000 31.244500 5.000000
94 31.244500 31.756000 4.000000
95 31.756000 32.267500 0.000000
96 32.267500 32.779000 1.000000
97 32.779000 33.290500 0.000000
98 33.290500 33.802000 0.000000
99 33.802000 34.313500 0.000000
100 34.313500 34.825000 0.000000
