1 -18.150000 -17.677000 0.000000
2 -17.677000 -17.204000 0.000000
3 -17.204000 -16.731000 0.000000
4 -16.731000 -16.258000 0.000000
5 -16.258000 -15.785000 1.000000
6 -15.785000 -15.312000 0.000000
7 -15.312000 -14.839000 0.000000
8 -14.839000 -14.366000 0.000000
9 -14.366000 -13.893000 1.000000
10 -13.893000 -13.420000 0.000000
11 -13.420000 -12.947000 0.000000
12 -12.947000 -12.474000 0.000000
13 -12.474000 -12.001000 0.000000
14 -12.001000 -11.528000 2.000000
15 -11.528000 -11.055000 0.000000
16 -11.055000 -10.582000 4.000000
17 -10.582000 -10.109000 0.000000
18 -10.109000 -9.636000 10.000000
19 -9.636000 -9.163000 0.000000
20 -9.163000 -8.690000 20.000000
21 -8.690000 -8.217000 0.000000
22 -8.217000 -7.744000 28.000000
23 -7.744000 -7.271000 0.000000
24 -7.271000 -6.798000 49.000000
25 -6.798000 -6.325000 0.000000
26 -6.325000 -5.852000 74.000000
27 -5.852000 -5.379000 0.000000
28 -5.379000 -4.906000 92.000000
29 -4.906000 -4.433000 0.000000
30 -4.433000 -3.960000 87.000000
31 -3.960000 -3.487000 0.000000
32 -3.487000 -3.014000 0.000000
33 -3.014000 -2.541000 51.000000
34 -2.541000 -2.068000 0.000000
35 -2.068000 -1.595000 56.000000
36 -1.595000 -1.122000 0.000000
37 -1.122000 -0.649000 37.000000
38 -0.649000 -0.176000 0.000000
39 -0.176000 0.297000 28.000000
40 0.297000 0.770000 0.000000
41 0.770000 1.243000 16.000000
42 1.243000 1.716000 0.000000
43 1.716000 2.189000 36.000000
44 2.189000 2.662000 0.000000
45 2.662000 3.135000 30.000000
46 3.135000 3.608000 0.000000
47 3.608000 4.081000 24.000000
48 4.081000 4.554000 0.000000
49 4.554000 5.027000 36.000000
50 5.027000 5.500000 0.000000
51 5.500000 5.973000 0.000000
52 5.973000 6.446000 31.000000
53 6.446000 6.919000 0.000000
54 6.919000 7.392000 24.000000
55 7.392000 7.865000 0.000000
56 7.865000 8.338000 34.000000
57 8.338000 8.811000 0.000000
58 8.811000 9.284000 33.000000
59 9.284000 9.757000 0.000000
60 9.757000 10.230000 38.000000
61 10.230000 10.703000 0.000000
62 10.703000 11.176000 45.000000
63 11.176000 11.649000 0.000000
64 11.649000 12.122000 39.000000
65 12.122000 12.595000 0.000000
66 12.595000 13.068000 32.000000
67 13.068000 13.541000 0.000000
68 13.541000 14.014000 30.000000
69 14.014000 14.487000 0.000000
70 14.487000 14.960000 0.000000
71 14.960000 15.433000 38.000000
72 15.433000 15.906000 0.000000
73 15.906000 16.379000 44.000000
74 16.379000 16.852000 0.000000
75 16.852000 17.325000 44.000000
76 17.325000 17.798000 0.000000
77 17.798000 18.271000 51.000000
78 18.271000 18.744000 0.000000
79 18.744000 19.217000 62.000000
80 19.217000 19.690000 0.000000
81 19.690000 20.163000 44.000000
82 20.163000 20.636000 0.000000
83 20.636000 21.109000 58.000000
84 21.109000 21.582000 0.000000
85 21.582000 22.055000 68.000000
86 22.055000 22.528000 0.000000
87 22.528000 23.001000 66.000000
88 23.001000 23.474000 0.000000
89 23.474000 23.947000 0.000000
90 23.947000 24.420000 51.000000
91 24.420000 24.893000 0.000000
92 24.893000 25.366000 26.000000
93 25.366000 25.839000 0.000000
94 25.839000 26.312000 8.000000
95 26.312000 26.785000 0.000000
96 26.785000 27.258000 2.000000
97 27.258000 27.731000 0.000000
98 27.731000 28.204000 0.000000
99 28.204000 28.677000 0.000000
100 28.677000 29.150000 0.000000
