1 -1.050000 -0.819000 0.000000
2 -0.819000 -0.588000 0.000000
3 -0.588000 -0.357000 0.000000
4 -0.357000 -0.126000 0.000000
5 -0.126000 0.105000 1.000000
6 0.105000 0.336000 0.000000
7 0.336000 0.567000 0.000000
8 0.567000 0.798000 0.000000
9 0.798000 1.029000 5.000000
10 1.029000 1.260000 0.000000
11 1.260000 1.491000 0.000000
12 1.491000 1.722000 0.000000
13 1.722000 1.953000 0.000000
14 1.953000 2.184000 5.000000
15 2.184000 2.415000 0.000000
16 2.415000 2.646000 0.000000
17 2.646000 2.877000 0.000000
18 2.877000 3.108000 18.000000
19 3.108000 3.339000 0.000000
20 3.339000 3.570000 0.000000
21 3.570000 3.801000 0.000000
22 3.801000 4.032000 24.000000
23 4.032000 4.263000 0.000000
24 4.263000 4.494000 0.000000
25 4.494000 4.725000 0.000000
26 4.725000 4.956000 0.000000
27 4.956000 5.187000 43.000000
28 5.187000 5.418000 0.000000
29 5.418000 5.649000 0.000000
30 5.649000 5.880000 0.000000
31 5.880000 6.111000 69.000000
32 6.111000 6.342000 0.000000
33 6.342000 6.573000 0.000000
34 6.573000 6.804000 0.000000
35 6.804000 7.035000 101.000000
36 7.035000 7.266000 0.000000
37 7.266000 7.497000 0.000000
38 7.497000 7.728000 0.000000
39 7.728000 7.959000 0.000000
40 7.959000 8.190000 102.000000
41 8.190000 8.421000 0.000000
42 8.421000 8.652000 0.000000
43 8.652000 8.883000 0.000000
44 8.883000 9.114000 164.000000
45 9.114000 9.345000 0.000000
46 9.345000 9.576000 0.000000
47 9.576000 9.807000 0.000000
48 9.807000 10.038000 198.000000
49 10.038000 10.269000 0.000000
50 10.269000 10.500000 0.000000
51 10.500000 10.731000 0.000000
52 10.731000 10.962000 0.000000
53 10.962000 11.193000 204.000000
54 11.193000 11.424000 0.000000
55 11.424000 11.655000 0.000000
56 11.655000 11.886000 0.000000
57 11.886000 12.117000 206.000000
58 12.117000 12.348000 0.000000
59 12.348000 12.579000 0.000000
60 12.579000 12.810000 0.000000
61 12.810000 13.041000 154.000000
62 13.041000 13.272000 0.000000
63 13.272000 13.503000 0.000000
64 13.503000 13.734000 0.000000
65 13.734000 13.965000 0.000000
66 13.965000 14.196000 119.000000
67 14.196000 14.427000 0.000000
68 14.427000 14.658000 0.000000
69 14.658000 14.889000 0.000000
70 14.889000 15.120000 76.000000
71 15.120000 15.351000 0.000000
72 15.351000 15.582000 0.000000
73 15.582000 15.813000 0.000000
74 15.813000 16.044000 28.000000
75 16.044000 16.275000 0.000000
76 16.275000 16.506000 0.000000
77 16.506000 16.737000 0.000000
78 16.737000 16.968000 0.000000
79 16.968000 17.199000 22.000000
80 17.199000 17.430000 0.000000
81 17.430000 17.661000 0.000000
82 17.661000 17.892000 0.000000
83 17.892000 18.123000 10.000000
84 18.123000 18.354000 0.000000
85 18.354000 18.585000 0.000000
86 18.585000 18.816000 0.000000
87 18.816000 19.047000 0.000000
88 19.047000 19.278000 0.000000
89 19.278000 19.509000 0.000000
90 19.509000 19.740000 0.000000
91 19.740000 19.971000 0.000000
92 19.971000 20.202000 0.000000
93 20.202000 20.433000 0.000000
94 20.433000 20.664000 0.000000
95 20.664000 20.895000 0.000000
96 20.895000 21.126000 1.000000
97 21.126000 21.357000 0.000000
98 21.357000 21.588000 0.000000
99 21.588000 21.819000 0.000000
100 21.819000 22.050000 0.000000
