1 -20.700000 -16.146000 0.000000
2 -16.146000 -11.592000 0.000000
3 -11.592000 -7.038000 0.000000
4 -7.038000 -2.484000 0.000000
5 -2.484000 2.070000 43.000000
6 2.070000 6.624000 0.000000
7 6.624000 11.178000 6.000000
8 11.178000 15.732000 5.000000
9 15.732000 20.286000 22.000000
10 20.286000 24.840000 35.000000
11 24.840000 29.394000 55.000000
12 29.394000 33.948000 44.000000
13 33.948000 38.502000 59.000000
14 38.502000 43.056000 71.000000
15 43.056000 47.610000 54.000000
16 47.610000 52.164000 70.000000
17 52.164000 56.718000 41.000000
18 56.718000 61.272000 61.000000
19 61.272000 65.826000 44.000000
20 65.826000 70.380000 40.000000
21 70.380000 74.934000 42.000000
22 74.934000 79.488000 51.000000
23 79.488000 84.042000 62.000000
24 84.042000 88.596000 42.000000
25 88.596000 93.150000 50.000000
26 93.150000 97.704000 31.000000
27 97.704000 102.258000 53.000000
28 102.258000 106.812000 38.000000
29 106.812000 111.366000 38.000000
30 111.366000 115.920000 30.000000
31 115.920000 120.474000 35.000000
32 120.474000 125.028000 38.000000
33 125.028000 129.582000 31.000000
34 129.582000 134.136000 37.000000
35 134.136000 138.690000 25.000000
36 138.690000 143.244000 18.000000
37 143.244000 147.798000 21.000000
38 147.798000 152.352000 16.000000
39 152.352000 156.906000 17.000000
40 156.906000 161.460000 17.000000
41 161.460000 166.014000 18.000000
42 166.014000 170.568000 10.000000
43 170.568000 175.122000 15.000000
44 175.122000 179.676000 11.000000
45 179.676000 184.230000 16.000000
46 184.230000 188.784000 9.000000
47 188.784000 193.338000 12.000000
48 193.338000 197.892000 9.000000
49 197.892000 202.446000 10.000000
50 202.446000 207.000000 5.000000
51 207.000000 211.554000 2.000000
52 211.554000 216.108000 4.000000
53 216.108000 220.662000 5.000000
54 220.662000 225.216000 4.000000
55 225.216000 229.770000 3.000000
56 229.770000 234.324000 1.000000
57 234.324000 238.878000 4.000000
58 238.878000 243.432000 9.000000
59 243.432000 247.986000 5.000000
60 247.986000 252.540000 4.000000
61 252.540000 257.094000 3.000000
62 257.094000 261.648000 2.000000
63 261.648000 266.202000 3.000000
64 266.202000 270.756000 1.000000
65 270.756000 275.310000 4.000000
66 275.310000 279.864000 2.000000
67 279.864000 284.418000 6.000000
68 284.418000 288.972000 4.000000
69 288.972000 293.526000 2.000000
70 293.526000 298.080000 7.000000
71 298.080000 302.634000 3.000000
72 302.634000 307.188000 0.000000
73 307.188000 311.742000 0.000000
74 311.742000 316.296000 1.000000
75 316.296000 320.850000 1.000000
76 320.850000 325.404000 0.000000
77 325.404000 329.958000 2.000000
78 329.958000 334.512000 1.000000
79 334.512000 339.066000 2.000000
80 339.066000 343.620000 0.000000
81 343.620000 348.174000 0.000000
82 348.174000 352.728000 0.000000
83 352.728000 357.282000 2.000000
84 357.282000 361.836000 2.000000
85 361.836000 366.390000 0.000000
86 366.390000 370.944000 0.000000
87 370.944000 375.498000 1.000000
88 375.498000 380.052000 0.000000
89 380.052000 384.606000 1.000000
90 384.606000 389.160000 1.000000
91 389.160000 393.714000 0.000000
92 393.714000 398.268000 0.000000
93 398.268000 402.822000 0.000000
94 402.822000 407.376000 0.000000
95 407.376000 411.930000 0.000000
96 411.930000 416.484000 1.000000
97 416.484000 421.038000 0.000000
98 421.038000 425.592000 0.000000
99 425.592000 430.146000 0.000000
100 430.146000 434.700000 0.000000
