1 -0.245000 -0.191100 0.000000
2 -0.191100 -0.137200 0.000000
3 -0.137200 -0.083300 0.000000
4 -0.083300 -0.029400 0.000000
5 -0.029400 0.024500 2.000000
6 0.024500 0.078400 0.000000
7 0.078400 0.132300 0.000000
8 0.132300 0.186200 0.000000
9 0.186200 0.240100 5.000000
10 0.240100 0.294000 0.000000
11 0.294000 0.347900 76.000000
12 0.347900 0.401800 109.000000
13 0.401800 0.455700 0.000000
14 0.455700 0.509600 117.000000
15 0.509600 0.563500 0.000000
16 0.563500 0.617400 153.000000
17 0.617400 0.671300 0.000000
18 0.671300 0.725200 126.000000
19 0.725200 0.779100 0.000000
20 0.779100 0.833000 146.000000
21 0.833000 0.886900 0.000000
22 0.886900 0.940800 124.000000
23 0.940800 0.994700 0.000000
24 0.994700 1.048600 112.000000
25 1.048600 1.102500 82.000000
26 1.102500 1.156400 0.000000
27 1.156400 1.210300 76.000000
28 1.210300 1.264200 0.000000
29 1.264200 1.318100 54.000000
30 1.318100 1.372000 0.000000
31 1.372000 1.425900 46.000000
32 1.425900 1.479800 0.000000
33 1.479800 1.533700 34.000000
34 1.533700 1.587600 0.000000
35 1.587600 1.641500 38.000000
36 1.641500 1.695400 0.000000
37 1.695400 1.749300 23.000000
38 1.749300 1.803200 25.000000
39 1.803200 1.857100 0.000000
40 1.857100 1.911000 14.000000
41 1.911000 1.964900 0.000000
42 1.964900 2.018800 22.000000
43 2.018800 2.072700 0.000000
44 2.072700 2.126600 20.000000
45 2.126600 2.180500 0.000000
46 2.180500 2.234400 10.000000
47 2.234400 2.288300 0.000000
48 2.288300 2.342200 16.000000
49 2.342200 2.396100 0.000000
50 2.396100 2.450000 12.000000
51 2.450000 2.503900 15.000000
52 2.503900 2.557800 0.000000
53 2.557800 2.611700 8.000000
54 2.611700 2.665600 0.000000
55 2.665600 2.719500 7.000000
56 2.719500 2.773400 0.000000
57 2.773400 2.827300 12.000000
58 2.827300 2.881200 0.000000
59 2.881200 2.935100 6.000000
60 2.935100 2.989000 0.000000
61 2.989000 3.042900 5.000000
62 3.042900 3.096800 0.000000
63 3.096800 3.150700 4.000000
64 3.150700 3.204600 5.000000
65 3.204600 3.258500 0.000000
66 3.258500 3.312400 6.000000
67 3.312400 3.366300 0.000000
68 3.366300 3.420200 7.000000
69 3.420200 3.474100 0.000000
70 3.474100 3.528000 6.000000
71 3.528000 3.581900 0.000000
72 3.581900 3.635800 6.000000
73 3.635800 3.689700 0.000000
74 3.689700 3.743600 3.000000
75 3.743600 3.797500 0.000000
76 3.797500 3.851400 1.000000
77 3.851400 3.905300 1.000000
78 3.905300 3.959200 0.000000
79 3.959200 4.013100 1.000000
80 4.013100 4.067000 0.000000
81 4.067000 4.120900 3.000000
82 4.120900 4.174800 0.000000
83 4.174800 4.228700 1.000000
84 4.228700 4.282600 0.000000
85 4.282600 4.336500 3.000000
86 4.336500 4.390400 0.000000
87 4.390400 4.444300 1.000000
88 4.444300 4.498200 0.000000
89 4.498200 4.552100 0.000000
90 4.552100 4.606000 2.000000
91 4.606000 4.659900 0.000000
92 4.659900 4.713800 2.000000
93 4.713800 4.767700 0.000000
94 4.767700 4.821600 1.000000
95 4.821600 4.875500 0.000000
96 4.875500 4.929400 2.000000
97 4.929400 4.983300 0.000000
98 4.983300 5.037200 0.000000
99 5.037200 5.091100 0.000000
100 5.091100 5.145000 0.000000
