1 -3.800000 -2.964000 0.000000
2 -2.964000 -2.128000 0.000000
3 -2.128000 -1.292000 0.000000
4 -1.292000 -0.456000 0.000000
5 -0.456000 0.380000 2.000000
6 0.380000 1.216000 0.000000
7 1.216000 2.052000 195.000000
8 2.052000 2.888000 0.000000
9 2.888000 3.724000 208.000000
10 3.724000 4.560000 147.000000
11 4.560000 5.396000 93.000000
12 5.396000 6.232000 87.000000
13 6.232000 7.068000 83.000000
14 7.068000 7.904000 0.000000
15 7.904000 8.740000 58.000000
16 8.740000 9.576000 69.000000
17 9.576000 10.412000 51.000000
18 10.412000 11.248000 51.000000
19 11.248000 12.084000 35.000000
20 12.084000 12.920000 0.000000
21 12.920000 13.756000 32.000000
22 13.756000 14.592000 26.000000
23 14.592000 15.428000 25.000000
24 15.428000 16.264000 40.000000
25 16.264000 17.100000 26.000000
26 17.100000 17.936000 0.000000
27 17.936000 18.772000 17.000000
28 18.772000 19.608000 26.000000
29 19.608000 20.444000 10.000000
30 20.444000 21.280000 22.000000
31 21.280000 22.116000 15.000000
32 22.116000 22.952000 0.000000
33 22.952000 23.788000 15.000000
34 23.788000 24.624000 6.000000
35 24.624000 25.460000 12.000000
36 25.460000 26.296000 11.000000
37 26.296000 27.132000 14.000000
38 27.132000 27.968000 0.000000
39 27.968000 28.804000 9.000000
40 28.804000 29.640000 9.000000
41 29.640000 30.476000 10.000000
42 30.476000 31.312000 6.000000
43 31.312000 32.148000 5.000000
44 32.148000 32.984000 0.000000
45 32.984000 33.820000 12.000000
46 33.820000 34.656000 7.000000
47 34.656000 35.492000 4.000000
48 35.492000 36.328000 4.000000
49 36.328000 37.164000 2.000000
50 37.164000 38.000000 0.000000
51 38.000000 38.836000 9.000000
52 38.836000 39.672000 6.000000
53 39.672000 40.508000 3.000000
54 40.508000 41.344000 4.000000
55 41.344000 42.180000 4.000000
56 42.180000 43.016000 6.000000
57 43.016000 43.852000 0.000000
58 43.852000 44.688000 6.000000
59 44.688000 45.524000 5.000000
60 45.524000 46.360000 2.000000
61 46.360000 47.196000 5.000000
62 47.196000 48.032000 3.000000
63 48.032000 48.868000 0.000000
64 48.868000 49.704000 3.000000
65 49.704000 50.540000 1.000000
66 50.540000 51.376000 1.000000
67 51.376000 52.212000 1.000000
68 52.212000 53.048000 6.000000
69 53.048000 53.884000 0.000000
70 53.884000 54.720000 2.000000
71 54.720000 55.556000 3.000000
72 55.556000 56.392000 1.000000
73 56.392000 57.228000 3.000000
74 57.228000 58.064000 2.000000
75 58.064000 58.900000 0.000000
76 58.900000 59.736000 2.000000
77 59.736000 60.572000 1.000000
78 60.572000 61.408000 2.000000
79 61.408000 62.244000 1.000000
80 62.244000 63.080000 1.000000
81 63.080000 63.916000 0.000000
82 63.916000 64.752000 1.000000
83 64.752000 65.588000 2.000000
84 65.588000 66.424000 2.000000
85 66.424000 67.260000 5.000000
86 67.260000 68.096000 2.000000
87 68.096000 68.932000 0.000000
88 68.932000 69.768000 1.000000
89 69.768000 70.604000 1.000000
90 70.604000 71.440000 2.000000
91 71.440000 72.276000 0.000000
92 72.276000 73.112000 2.000000
93 73.112000 73.948000 0.000000
94 73.948000 74.784000 0.000000
95 74.784000 75.620000 2.000000
96 75.620000 76.456000 3.000000
97 76.456000 77.292000 0.000000
98 77.292000 78.128000 0.000000
99 78.128000 78.964000 0.000000
100 78.964000 79.800000 0.000000
