1 20128745.550000 20129285.969000 0.000000
2 20129285.969000 20129826.388000 0.000000
3 20129826.388000 20130366.807000 0.000000
4 20130366.807000 20130907.226000 0.000000
5 20130907.226000 20131447.645000 29.000000
6 20131447.645000 20131988.064000 0.000000
7 20131988.064000 20132528.483000 0.000000
8 20132528.483000 20133068.902000 0.000000
9 20133068.902000 20133609.321000 0.000000
10 20133609.321000 20134149.740000 0.000000
11 20134149.740000 20134690.159000 0.000000
12 20134690.159000 20135230.578000 0.000000
13 20135230.578000 20135770.997000 0.000000
14 20135770.997000 20136311.416000 0.000000
15 20136311.416000 20136851.835000 0.000000
16 20136851.835000 20137392.254000 0.000000
17 20137392.254000 20137932.673000 0.000000
18 20137932.673000 20138473.092000 0.000000
19 20138473.092000 20139013.511000 0.000000
20 20139013.511000 20139553.930000 0.000000
21 20139553.930000 20140094.349000 0.000000
22 20140094.349000 20140634.768000 169.000000
23 20140634.768000 20141175.187000 153.000000
24 20141175.187000 20141715.606000 30.000000
25 20141715.606000 20142256.025000 0.000000
26 20142256.025000 20142796.444000 0.000000
27 20142796.444000 20143336.863000 0.000000
28 20143336.863000 20143877.282000 0.000000
29 20143877.282000 20144417.701000 0.000000
30 20144417.701000 20144958.120000 0.000000
31 20144958.120000 20145498.539000 0.000000
32 20145498.539000 20146038.958000 0.000000
33 20146038.958000 20146579.377000 0.000000
34 20146579.377000 20147119.796000 0.000000
35 20147119.796000 20147660.215000 0.000000
36 20147660.215000 20148200.634000 0.000000
37 20148200.634000 20148741.053000 0.000000
38 20148741.053000 20149281.472000 0.000000
39 20149281.472000 20149821.891000 0.000000
40 20149821.891000 20150362.310000 89.000000
41 20150362.310000 20150902.729000 153.000000
42 20150902.729000 20151443.148000 116.000000
43 20151443.148000 20151983.567000 0.000000
44 20151983.567000 20152523.986000 0.000000
45 20152523.986000 20153064.405000 0.000000
46 20153064.405000 20153604.824000 0.000000
47 20153604.824000 20154145.243000 0.000000
48 20154145.243000 20154685.662000 0.000000
49 20154685.662000 20155226.081000 0.000000
50 20155226.081000 20155766.500000 0.000000
51 20155766.500000 20156306.919000 0.000000
52 20156306.919000 20156847.338000 0.000000
53 20156847.338000 20157387.757000 0.000000
54 20157387.757000 20157928.176000 0.000000
55 20157928.176000 20158468.595000 0.000000
56 20158468.595000 20159009.014000 0.000000
57 20159009.014000 20159549.433000 0.000000
58 20159549.433000 20160089.852000 0.000000
59 20160089.852000 20160630.271000 182.000000
60 20160630.271000 20161170.690000 153.000000
61 20161170.690000 20161711.109000 29.000000
62 20161711.109000 20162251.528000 0.000000
63 20162251.528000 20162791.947000 0.000000
64 20162791.947000 20163332.366000 0.000000
65 20163332.366000 20163872.785000 0.000000
66 20163872.785000 20164413.204000 0.000000
67 20164413.204000 20164953.623000 0.000000
68 20164953.623000 20165494.042000 0.000000
69 20165494.042000 20166034.461000 0.000000
70 20166034.461000 20166574.880000 0.000000
71 20166574.880000 20167115.299000 0.000000
72 20167115.299000 20167655.718000 0.000000
73 20167655.718000 20168196.137000 0.000000
74 20168196.137000 20168736.556000 0.000000
75 20168736.556000 20169276.975000 0.000000
76 20169276.975000 20169817.394000 0.000000
77 20169817.394000 20170357.813000 85.000000
78 20170357.813000 20170898.232000 151.000000
79 20170898.232000 20171438.651000 122.000000
80 20171438.651000 20171979.070000 0.000000
81 20171979.070000 20172519.489000 0.000000
82 20172519.489000 20173059.908000 0.000000
83 20173059.908000 20173600.327000 0.000000
84 20173600.327000 20174140.746000 0.000000
85 20174140.746000 20174681.165000 0.000000
86 20174681.165000 20175221.584000 0.000000
87 20175221.584000 20175762.003000 0.000000
88 20175762.003000 20176302.422000 0.000000
89 20176302.422000 20176842.841000 0.000000
90 20176842.841000 20177383.260000 0.000000
91 20177383.260000 20177923.679000 0.000000
92 20177923.679000 20178464.098000 0.000000
93 20178464.098000 20179004.517000 0.000000
94 20179004.517000 20179544.936000 0.000000
95 20179544.936000 20180085.355000 0.000000
96 20180085.355000 20180625.774000 89.000000
97 20180625.774000 20181166.193000 0.000000
98 20181166.193000 20181706.612000 0.000000
99 20181706.612000 20182247.031000 0.000000
100 20182247.031000 20182787.450000 0.000000
