1 -14.700000 -11.466000 0.000000
2 -11.466000 -8.232000 0.000000
3 -8.232000 -4.998000 0.000000
4 -4.998000 -1.764000 0.000000
5 -1.764000 1.470000 2.000000
6 1.470000 4.704000 10.000000
7 4.704000 7.938000 12.000000
8 7.938000 11.172000 39.000000
9 11.172000 14.406000 26.000000
10 14.406000 17.640000 22.000000
11 17.640000 20.874000 17.000000
12 20.874000 24.108000 25.000000
13 24.108000 27.342000 26.000000
14 27.342000 30.576000 21.000000
15 30.576000 33.810000 17.000000
16 33.810000 37.044000 27.000000
17 37.044000 40.278000 29.000000
18 40.278000 43.512000 32.000000
19 43.512000 46.746000 37.000000
20 46.746000 49.980000 26.000000
21 49.980000 53.214000 57.000000
22 53.214000 56.448000 50.000000
23 56.448000 59.682000 43.000000
24 59.682000 62.916000 36.000000
25 62.916000 66.150000 40.000000
26 66.150000 69.384000 44.000000
27 69.384000 72.618000 39.000000
28 72.618000 75.852000 31.000000
29 75.852000 79.086000 43.000000
30 79.086000 82.320000 33.000000
31 82.320000 85.554000 25.000000
32 85.554000 88.788000 39.000000
33 88.788000 92.022000 35.000000
34 92.022000 95.256000 37.000000
35 95.256000 98.490000 19.000000
36 98.490000 101.724000 26.000000
37 101.724000 104.958000 15.000000
38 104.958000 108.192000 28.000000
39 108.192000 111.426000 15.000000
40 111.426000 114.660000 11.000000
41 114.660000 117.894000 23.000000
42 117.894000 121.128000 32.000000
43 121.128000 124.362000 12.000000
44 124.362000 127.596000 9.000000
45 127.596000 130.830000 23.000000
46 130.830000 134.064000 14.000000
47 134.064000 137.298000 23.000000
48 137.298000 140.532000 13.000000
49 140.532000 143.766000 15.000000
50 143.766000 147.000000 14.000000
51 147.000000 150.234000 14.000000
52 150.234000 153.468000 14.000000
53 153.468000 156.702000 13.000000
54 156.702000 159.936000 14.000000
55 159.936000 163.170000 17.000000
56 163.170000 166.404000 8.000000
57 166.404000 169.638000 12.000000
58 169.638000 172.872000 13.000000
59 172.872000 176.106000 13.000000
60 176.106000 179.340000 11.000000
61 179.340000 182.574000 16.000000
62 182.574000 185.808000 9.000000
63 185.808000 189.042000 11.000000
64 189.042000 192.276000 7.000000
65 192.276000 195.510000 8.000000
66 195.510000 198.744000 10.000000
67 198.744000 201.978000 16.000000
68 201.978000 205.212000 10.000000
69 205.212000 208.446000 6.000000
70 208.446000 211.680000 11.000000
71 211.680000 214.914000 4.000000
72 214.914000 218.148000 12.000000
73 218.148000 221.382000 14.000000
74 221.382000 224.616000 7.000000
75 224.616000 227.850000 10.000000
76 227.850000 231.084000 5.000000
77 231.084000 234.318000 7.000000
78 234.318000 237.552000 4.000000
79 237.552000 240.786000 4.000000
80 240.786000 244.020000 9.000000
81 244.020000 247.254000 3.000000
82 247.254000 250.488000 4.000000
83 250.488000 253.722000 3.000000
84 253.722000 256.956000 4.000000
85 256.956000 260.190000 4.000000
86 260.190000 263.424000 2.000000
87 263.424000 266.658000 1.000000
88 266.658000 269.892000 1.000000
89 269.892000 273.126000 2.000000
90 273.126000 276.360000 1.000000
91 276.360000 279.594000 0.000000
92 279.594000 282.828000 1.000000
93 282.828000 286.062000 1.000000
94 286.062000 289.296000 1.000000
95 289.296000 292.530000 0.000000
96 292.530000 295.764000 1.000000
97 295.764000 298.998000 0.000000
98 298.998000 302.232000 0.000000
99 302.232000 305.466000 0.000000
100 305.466000 308.700000 0.000000
