1 -16.700000 -16.106000 0.000000
2 -16.106000 -15.512000 0.000000
3 -15.512000 -14.918000 0.000000
4 -14.918000 -14.324000 0.000000
5 -14.324000 -13.730000 1.000000
6 -13.730000 -13.136000 0.000000
7 -13.136000 -12.542000 0.000000
8 -12.542000 -11.948000 0.000000
9 -11.948000 -11.354000 0.000000
10 -11.354000 -10.760000 0.000000
11 -10.760000 -10.166000 0.000000
12 -10.166000 -9.572000 0.000000
13 -9.572000 -8.978000 0.000000
14 -8.978000 -8.384000 0.000000
15 -8.384000 -7.790000 0.000000
16 -7.790000 -7.196000 0.000000
17 -7.196000 -6.602000 0.000000
18 -6.602000 -6.008000 0.000000
19 -6.008000 -5.414000 2.000000
20 -5.414000 -4.820000 2.000000
21 -4.820000 -4.226000 0.000000
22 -4.226000 -3.632000 1.000000
23 -3.632000 -3.038000 0.000000
24 -3.038000 -2.444000 6.000000
25 -2.444000 -1.850000 9.000000
26 -1.850000 -1.256000 0.000000
27 -1.256000 -0.662000 10.000000
28 -0.662000 -0.068000 0.000000
29 -0.068000 0.526000 31.000000
30 0.526000 1.120000 25.000000
31 1.120000 1.714000 0.000000
32 1.714000 2.308000 32.000000
33 2.308000 2.902000 0.000000
34 2.902000 3.496000 45.000000
35 3.496000 4.090000 60.000000
36 4.090000 4.684000 0.000000
37 4.684000 5.278000 59.000000
38 5.278000 5.872000 0.000000
39 5.872000 6.466000 52.000000
40 6.466000 7.060000 53.000000
41 7.060000 7.654000 0.000000
42 7.654000 8.248000 45.000000
43 8.248000 8.842000 0.000000
44 8.842000 9.436000 35.000000
45 9.436000 10.030000 40.000000
46 10.030000 10.624000 0.000000
47 10.624000 11.218000 30.000000
48 11.218000 11.812000 0.000000
49 11.812000 12.406000 32.000000
50 12.406000 13.000000 31.000000
51 13.000000 13.594000 0.000000
52 13.594000 14.188000 17.000000
53 14.188000 14.782000 0.000000
54 14.782000 15.376000 33.000000
55 15.376000 15.970000 0.000000
56 15.970000 16.564000 27.000000
57 16.564000 17.158000 37.000000
58 17.158000 17.752000 0.000000
59 17.752000 18.346000 26.000000
60 18.346000 18.940000 0.000000
61 18.940000 19.534000 24.000000
62 19.534000 20.128000 38.000000
63 20.128000 20.722000 0.000000
64 20.722000 21.316000 34.000000
65 21.316000 21.910000 0.000000
66 21.910000 22.504000 30.000000
67 22.504000 23.098000 32.000000
68 23.098000 23.692000 0.000000
69 23.692000 24.286000 33.000000
70 24.286000 24.880000 0.000000
71 24.880000 25.474000 44.000000
72 25.474000 26.068000 35.000000
73 26.068000 26.662000 0.000000
74 26.662000 27.256000 52.000000
75 27.256000 27.850000 0.000000
76 27.850000 28.444000 51.000000
77 28.444000 29.038000 60.000000
78 29.038000 29.632000 0.000000
79 29.632000 30.226000 72.000000
80 30.226000 30.820000 0.000000
81 30.820000 31.414000 62.000000
82 31.414000 32.008000 77.000000
83 32.008000 32.602000 0.000000
84 32.602000 33.196000 56.000000
85 33.196000 33.790000 0.000000
86 33.790000 34.384000 42.000000
87 34.384000 34.978000 0.000000
88 34.978000 35.572000 28.000000
89 35.572000 36.166000 19.000000
90 36.166000 36.760000 0.000000
91 36.760000 37.354000 16.000000
92 37.354000 37.948000 0.000000
93 37.948000 38.542000 2.000000
94 38.542000 39.136000 1.000000
95 39.136000 39.730000 0.000000
96 39.730000 40.324000 1.000000
97 40.324000 40.918000 0.000000
98 40.918000 41.512000 0.000000
99 41.512000 42.106000 0.000000
100 42.106000 42.700000 0.000000
