1 -19.050000 -14.859000 0.000000
2 -14.859000 -10.668000 0.000000
3 -10.668000 -6.477000 0.000000
4 -6.477000 -2.286000 0.000000
5 -2.286000 1.905000 2.000000
6 1.905000 6.096000 0.000000
7 6.096000 10.287000 0.000000
8 10.287000 14.478000 0.000000
9 14.478000 18.669000 0.000000
10 18.669000 22.860000 1.000000
11 22.860000 27.051000 10.000000
12 27.051000 31.242000 21.000000
13 31.242000 35.433000 32.000000
14 35.433000 39.624000 44.000000
15 39.624000 43.815000 44.000000
16 43.815000 48.006000 75.000000
17 48.006000 52.197000 51.000000
18 52.197000 56.388000 61.000000
19 56.388000 60.579000 54.000000
20 60.579000 64.770000 57.000000
21 64.770000 68.961000 51.000000
22 68.961000 73.152000 62.000000
23 73.152000 77.343000 42.000000
24 77.343000 81.534000 50.000000
25 81.534000 85.725000 41.000000
26 85.725000 89.916000 42.000000
27 89.916000 94.107000 54.000000
28 94.107000 98.298000 41.000000
29 98.298000 102.489000 37.000000
30 102.489000 106.680000 29.000000
31 106.680000 110.871000 34.000000
32 110.871000 115.062000 32.000000
33 115.062000 119.253000 30.000000
34 119.253000 123.444000 27.000000
35 123.444000 127.635000 23.000000
36 127.635000 131.826000 28.000000
37 131.826000 136.017000 29.000000
38 136.017000 140.208000 36.000000
39 140.208000 144.399000 14.000000
40 144.399000 148.590000 24.000000
41 148.590000 152.781000 25.000000
42 152.781000 156.972000 26.000000
43 156.972000 161.163000 38.000000
44 161.163000 165.354000 24.000000
45 165.354000 169.545000 22.000000
46 169.545000 173.736000 14.000000
47 173.736000 177.927000 14.000000
48 177.927000 182.118000 20.000000
49 182.118000 186.309000 11.000000
50 186.309000 190.500000 8.000000
51 190.500000 194.691000 8.000000
52 194.691000 198.882000 10.000000
53 198.882000 203.073000 24.000000
54 203.073000 207.264000 10.000000
55 207.264000 211.455000 4.000000
56 211.455000 215.646000 6.000000
57 215.646000 219.837000 5.000000
58 219.837000 224.028000 6.000000
59 224.028000 228.219000 4.000000
60 228.219000 232.410000 4.000000
61 232.410000 236.601000 5.000000
62 236.601000 240.792000 7.000000
63 240.792000 244.983000 2.000000
64 244.983000 249.174000 9.000000
65 249.174000 253.365000 4.000000
66 253.365000 257.556000 2.000000
67 257.556000 261.747000 3.000000
68 261.747000 265.938000 3.000000
69 265.938000 270.129000 6.000000
70 270.129000 274.320000 5.000000
71 274.320000 278.511000 1.000000
72 278.511000 282.702000 5.000000
73 282.702000 286.893000 1.000000
74 286.893000 291.084000 2.000000
75 291.084000 295.275000 7.000000
76 295.275000 299.466000 2.000000
77 299.466000 303.657000 3.000000
78 303.657000 307.848000 1.000000
79 307.848000 312.039000 3.000000
80 312.039000 316.230000 4.000000
81 316.230000 320.421000 1.000000
82 320.421000 324.612000 1.000000
83 324.612000 328.803000 0.000000
84 328.803000 332.994000 1.000000
85 332.994000 337.185000 1.000000
86 337.185000 341.376000 2.000000
87 341.376000 345.567000 3.000000
88 345.567000 349.758000 0.000000
89 349.758000 353.949000 2.000000
90 353.949000 358.140000 0.000000
91 358.140000 362.331000 0.000000
92 362.331000 366.522000 1.000000
93 366.522000 370.713000 0.000000
94 370.713000 374.904000 0.000000
95 374.904000 379.095000 1.000000
96 379.095000 383.286000 1.000000
97 383.286000 387.477000 0.000000
98 387.477000 391.668000 0.000000
99 391.668000 395.859000 0.000000
100 395.859000 400.050000 0.000000
