1 -6.800000 -5.304000 0.000000
2 -5.304000 -3.808000 0.000000
3 -3.808000 -2.312000 0.000000
4 -2.312000 -0.816000 0.000000
5 -0.816000 0.680000 2.000000
6 0.680000 2.176000 0.000000
7 2.176000 3.672000 0.000000
8 3.672000 5.168000 0.000000
9 5.168000 6.664000 0.000000
10 6.664000 8.160000 2.000000
11 8.160000 9.656000 0.000000
12 9.656000 11.152000 4.000000
13 11.152000 12.648000 8.000000
14 12.648000 14.144000 12.000000
15 14.144000 15.640000 6.000000
16 15.640000 17.136000 23.000000
17 17.136000 18.632000 13.000000
18 18.632000 20.128000 17.000000
19 20.128000 21.624000 14.000000
20 21.624000 23.120000 33.000000
21 23.120000 24.616000 16.000000
22 24.616000 26.112000 50.000000
23 26.112000 27.608000 21.000000
24 27.608000 29.104000 57.000000
25 29.104000 30.600000 36.000000
26 30.600000 32.096000 71.000000
27 32.096000 33.592000 34.000000
28 33.592000 35.088000 72.000000
29 35.088000 36.584000 39.000000
30 36.584000 38.080000 74.000000
31 38.080000 39.576000 41.000000
32 39.576000 41.072000 67.000000
33 41.072000 42.568000 31.000000
34 42.568000 44.064000 68.000000
35 44.064000 45.560000 31.000000
36 45.560000 47.056000 59.000000
37 47.056000 48.552000 24.000000
38 48.552000 50.048000 61.000000
39 50.048000 51.544000 18.000000
40 51.544000 53.040000 47.000000
41 53.040000 54.536000 17.000000
42 54.536000 56.032000 40.000000
43 56.032000 57.528000 15.000000
44 57.528000 59.024000 38.000000
45 59.024000 60.520000 18.000000
46 60.520000 62.016000 35.000000
47 62.016000 63.512000 11.000000
48 63.512000 65.008000 22.000000
49 65.008000 66.504000 6.000000
50 66.504000 68.000000 25.000000
51 68.000000 69.496000 11.000000
52 69.496000 70.992000 13.000000
53 70.992000 72.488000 27.000000
54 72.488000 73.984000 9.000000
55 73.984000 75.480000 23.000000
56 75.480000 76.976000 6.000000
57 76.976000 78.472000 15.000000
58 78.472000 79.968000 14.000000
59 79.968000 81.464000 13.000000
60 81.464000 82.960000 5.000000
61 82.960000 84.456000 13.000000
62 84.456000 85.952000 6.000000
63 85.952000 87.448000 13.000000
64 87.448000 88.944000 4.000000
65 88.944000 90.440000 10.000000
66 90.440000 91.936000 3.000000
67 91.936000 93.432000 18.000000
68 93.432000 94.928000 6.000000
69 94.928000 96.424000 5.000000
70 96.424000 97.920000 1.000000
71 97.920000 99.416000 4.000000
72 99.416000 100.912000 4.000000
73 100.912000 102.408000 8.000000
74 102.408000 103.904000 3.000000
75 103.904000 105.400000 6.000000
76 105.400000 106.896000 1.000000
77 106.896000 108.392000 6.000000
78 108.392000 109.888000 1.000000
79 109.888000 111.384000 7.000000
80 111.384000 112.880000 0.000000
81 112.880000 114.376000 2.000000
82 114.376000 115.872000 1.000000
83 115.872000 117.368000 1.000000
84 117.368000 118.864000 0.000000
85 118.864000 120.360000 7.000000
86 120.360000 121.856000 1.000000
87 121.856000 123.352000 1.000000
88 123.352000 124.848000 1.000000
89 124.848000 126.344000 1.000000
90 126.344000 127.840000 0.000000
91 127.840000 129.336000 1.000000
92 129.336000 130.832000 0.000000
93 130.832000 132.328000 0.000000
94 132.328000 133.824000 0.000000
95 133.824000 135.320000 0.000000
96 135.320000 136.816000 1.000000
97 136.816000 138.312000 0.000000
98 138.312000 139.808000 0.000000
99 139.808000 141.304000 0.000000
100 141.304000 142.800000 0.000000
